40
101
Sajtos Pizza
2450.50
2026 03 22 12 30
2
1
102
Gulyasleves
1850.00
2026 03 22 12 35
0
1
103
Bacon Burger
3200.00
2026 03 22 12 40
2
1
104
Ceasar Salata
2100.00
2026 03 22 12 45
1
1
105
Rantott Sajt
2600.00
2026 03 22 12 50
2
0
106
Bolognai Spagetti
2300.00
2026 03 22 13 00
0
1
107
Gyros Tal
2850.00
2026 03 22 13 05
2
1
108
Marhaporkolt
3500.00
2026 03 22 13 10
1
1
109
Hawaii Pizza
2550.00
2026 03 22 13 15
2
1
110
Turos Csusza
1900.00
2026 03 22 13 20
0
0
111
Sajtos Burger
3100.00
2026 03 22 13 25
2
1
112
Sult Oldalas
3900.00
2026 03 22 13 30
1
1
113
Mexikoi Pizza
2700.00
2026 03 22 13 40
2
1
114
Gombas Rizotto
2400.00
2026 03 22 13 45
0
1
115
Becsi Szelet
3300.00
2026 03 22 13 50
2
1
116
Gogos Gomboc
1200.00
2026 03 22 13 55
1
0
117
Kebab Tal
2900.00
2026 03 22 14 00
2
1
118
Lasagne
2650.00
2026 03 22 14 05
0
1
119
Zoldsegleves
1450.00
2026 03 22 14 10
2
1
120
Szezammagos Csirke
2800.00
2026 03 22 14 15
1
1
121
BBQ Oldalas
4200.00
2026 03 22 14 20
2
1
122
Francia Hagymaleves
1600.00
2026 03 22 14 25
0
0
123
Pulykamell Sult
3100.00
2026 03 22 14 30
2
1
124
Pad Thai
3400.00
2026 03 22 14 35
1
1
125
Margarita Pizza
2100.00
2026 03 22 14 40
2
1
126
Palacsinta Box
1500.00
2026 03 22 14 45
0
1
127
Brassoi Apropecsenye
2950.00
2026 03 22 14 50
2
1
128
Tonhal Salata
2750.00
2026 03 22 14 55
1
1
129
Sajttal Toltott Hus
3250.00
2026 03 22 15 00
2
0
130
Bakonyi Szelet
3100.00
2026 03 22 15 05
0
1
131
Csirkeporkolt
2400.00
2026 03 22 15 10
2
1
132
Somloi Galuska
1800.00
2026 03 22 15 15
1
1
133
Huszar Rostelyos
4500.00
2026 03 22 15 20
2
1
134
Gombas Teszta
2200.00
2026 03 22 15 25
0
1
135
Fish and Chips
3600.00
2026 03 22 15 30
2
1
136
Gesztenyepure
1400.00
2026 03 22 15 35
1
0
137
Sertessult
3300.00
2026 03 22 15 40
2
1
138
Ujhazi Tyukhusleves
1750.00
2026 03 22 15 45
0
1
139
Csulok Pekne modra
4800.00
2026 03 22 15 50
2
1
140
Almas Pite
1300.00
2026 03 22 15 55
1
1