30
201
2
2022
5
feher
202
1
2021
3
piros
203
0
2023
7
kek
204
2
2020
11
zold
205
1
2022
9
sarga
206
0
2021
4
fekete
207
2
2023
6
feher
208
1
2020
2
kek
209
0
2022
8
piros
210
2
2021
10
zold
211
1
2023
1
sarga
212
0
2020
12
fekete
213
2
2022
3
feher
214
1
2021
5
kek
215
0
2023
9
piros
216
2
2020
7
zold
217
1
2022
11
sarga
218
0
2021
6
fekete
219
2
2023
2
feher
220
1
2020
8
kek
221
0
2022
4
piros
222
2
2021
9
zold
223
1
2023
10
sarga
224
0
2020
1
fekete
225
2
2022
6
feher
226
1
2021
7
kek
227
0
2023
3
piros
228
2
2020
5
zold
229
1
2022
12
sarga
230
0
2021
2
fekete